1000
457
822
376
612
404
502
531
874
12
470
587
628
793
129
642
566
938
858
170
946
638
631
188
276
446
585
618
410
795
278
889
89
284
996
987
117
305
574
952
416
323
710
231
752
726
965
554
773
60
228
955
753
15
48
359
339
296
712
989
172
27
578
685
943
584
701
861
838
313
697
243
152
882
862
645
665
960
19
138
681
115
447
629
899
872
481
252
196
147
488
72
656
332
550
705
417
634
348
622
559
216
475
724
483
292
131
264
910
969
361
44
49
375
403
64
759
263
316
306
732
594
624
912
434
45
828
194
548
846
249
639
725
916
713
139
113
786
33
888
143
666
739
382
8
157
171
893
78
51
816
193
227
501
535
158
885
205
440
674
109
633
396
706
514
56
524
164
723
936
688
896
88
504
924
155
757
474
81
425
326
788
606
175
350
647
47
328
426
156
441
914
308
528
596
312
860
41
368
255
699
662
833
973
933
959
839
342
371
498
248
7
372
151
600
246
288
310
702
455
741
972
272
133
199
967
648
565
894
920
490
942
682
449
693
189
297
966
595
334
609
827
427
617
482
851
240
998
179
79
800
268
856
975
104
906
544
303
962
254
625
225
646
743
772
983
582
451
110
429
232
458
549
903
479
866
836
640
608
711
890
489
737
567
675
570
324
790
293
738
988
394
957
905
106
28
641
883
774
747
994
142
779
124
527
598
257
691
18
331
722
439
503
621
719
695
24
604
522
424
294
22
238
734
789
857
926
543
750
389
497
487
94
229
677
61
477
135
291
443
187
55
730
653
116
370
463
560
654
59
513
224
428
77
533
261
181
961
915
931
864
178
321
209
385
192
970
884
66
897
182
259
471
607
211
949
315
934
39
623
373
536
80
369
388
873
657
484
982
817
815
707
347
162
715
298
380
871
140
197
797
664
186
991
445
940
101
262
589
644
718
185
478
286
840
452
611
271
981
636
437
729
159
250
771
111
127
160
120
25
605
810
392
290
333
204
777
112
405
340
825
895
668
329
494
692
414
806
526
837
266
391
945
289
593
285
344
876
603
386
576
476
75
176
98
673
384
626
300
465
241
597
557
791
415
811
746
520
469
383
473
974
304
247
614
868
85
530
651
130
466
776
387
351
749
233
525
929
650
615
686
245
841
401
761
783
319
877
834
222
277
689
21
132
4
511
141
282
210
632
985
683
30
362
735
976
395
378
539
801
336
99
46
65
462
43
499
826
107
318
551
168
480
679
995
610
627
844
672
583
508
322
177
700
260
408
820
163
812
588
105
436
690
704
848
234
356
552
218
420
223
879
941
327
495
150
128
9
917
720
803
87
542
53
146
979
865
760
768
67
676
444
103
898
360
775
698
154
684
430
764
198
909
314
932
911
173
529
330
515
980
270
930
900
345
867
742
357
763
740
758
10
652
563
100
244
82
637
317
320
377
36
354
819
767
450
904
431
992
32
273
6
411
97
792
947
413
925
769
407
581
835
577
507
575
908
661
680
997
714
76
572
57
265
902
374
778
561
274
802
510
381
145
230
558
892
390
203
406
355
804
984
780
635
755
658
86
279
123
553
832
397
569
782
842
669
794
433
402
958
201
438
869
226
454
353
343
616
52
280
125
169
708
537
927
875
166
818
202
766
573
601
349
325
785
54
2
968
220
727
5
153
13
467
579
90
460
951
993
854
3
309
717
824
149
830
787
14
863
29
214
235
590
990
68
670
206
485
592
242
956
74
161
11
83
213
71
853
191
295
541
954
703
256
432
859
602
781
881
34
721
137
799
887
346
821
798
919
808
754
217
716
20
95
523
367
307
337
671
379
667
468
939
762
459
338
108
978
302
694
809
148
756
84
493
805
733
986
823
519
453
580
358
506
419
42
963
174
796
50
363
748
92
521
999
136
944
421
568
492
591
731
237
901
850
784
122
770
212
239
258
73
571
184
517
62
709
744
829
509
102
922
472
907
287
534
870
70
765
352
921
69
208
119
953
422
40
613
311
807
649
505
843
555
283
37
35
299
660
267
456
880
418
518
923
16
126
58
207
1
948
496
1000
118
269
486
26
630
365
547
813
236
393
461
935
190
221
464
275
512
165
93
532
399
556
659
937
855
886
167
442
121
17
891
219
849
586
728
847
878
398
435
491
195
400
545
180
918
599
183
663
301
845
448
215
736
251
814
335
63
643
409
423
977
96
366
500
678
538
687
913
23
562
751
31
341
91
852
928
134
114
620
412
831
950
253
38
964
200
364
281
655
546
516
144
971
696
564
540
745
619